0.012477086 0.048246413 0.058695387 -0.08282411 -0.026682781 0.010898492 -0.28513432 0.13449882 0.1029833 0.084920935 -0.3210752 -0.012760757 0.048035514 -0.115897916 -0.032301586 -0.36033362 0.03953327 0.0072843153 -0.06822453 0.124112666 -0.12351178 0.3202538 0.034454115 -0.27378404 -0.33322597 0.36105117 -0.04593391 1.5859735 -0.122034945 -0.07802915 0.13591512 -0.062132664 
0.004165352 0.0631687 -0.02253377 -0.016210489 -0.04442161 -0.05661142 0.18105075 -0.10335829 0.07154281 -0.022413999 0.2541353 -0.09304903 0.042669974 -0.09297538 -0.020656692 0.3229062 0.024972003 0.023925815 -0.068530984 -0.0028056689 -0.007910677 -0.17855823 0.035534445 0.17912969 0.37543303 -0.23685066 0.016091567 -1.7079991 -0.10380382 0.014136178 -0.08502754 -0.0052058804 
0.023664834 -0.028952807 0.06883234 -0.030228684 -0.0011546961 -0.0053529404 -0.03164116 0.02298918 0.0099626165 0.0219957 -0.04503111 0.0330137 -0.02861314 0.005948944 -0.12424408 0.05369539 0.003021638 -0.0062666284 0.022211967 0.046740822 -0.013906851 -0.003828029 0.03530197 0.017923152 0.010537007 -0.09304429 0.11344323 -1.6405675 -0.07290847 0.100601956 0.13761386 0.024502708 
-0.010333753 0.012572509 -0.019781087 0.0090233255 9.5227495E-4 0.046813525 -0.04805784 0.0018715288 -0.0019440459 -0.03227752 0.0275317 0.0034166845 0.0013113525 7.234172E-4 -0.06590465 0.07805222 -0.0043019513 -9.5904885E-5 -0.030325562 0.004990558 0.009972644 0.17972419 -0.013632699 0.04585084 4.0874552E-4 0.11961693 0.31364995 -1.6897945 -0.02823042 0.012063658 0.039315037 0.023217035 
0.13621356 0.064391635 -0.08032741 -0.021909546 -3.8609604E-4 0.031221593 0.032173257 -0.10433395 -0.15805687 -0.11079423 -0.01203015 0.12572372 -0.092336215 0.14867836 -0.34016636 0.35783586 0.05695142 -0.007316348 -0.01407657 0.0043089306 -0.05712431 -0.0012779722 0.04451177 -0.0267205 0.20723157 -0.419361 -0.47837153 1.5001432 -0.24303573 -0.22620688 0.44717836 -0.0809546 
-0.049882017 0.056229312 -0.051040355 0.005258492 0.101099156 -0.14459555 0.15269448 0.045311205 0.013627369 0.11768472 0.21281609 -0.08151223 0.00596523 -0.19033712 -0.2694531 0.005966591 0.016554907 -0.099399775 0.030508637 0.007697633 -0.008237252 -0.06022552 0.036780097 -0.21942785 -0.82107425 0.1602864 0.047277637 1.5365993 0.24813165 0.19938534 -0.07963611 0.030907696 
0.18617158 -0.03445898 0.1256598 -0.009692778 -0.033029705 0.029667767 -0.08318809 0.13125765 -0.061999254 0.12346462 -0.11206167 -0.18954313 0.08796841 -0.21150751 0.18167627 0.3118012 -0.1612157 0.06532036 -0.0729818 -0.32466012 -0.111270614 -0.1359928 0.79918796 -0.056924 0.57220393 -0.067886785 -0.3034441 0.84271777 -0.23908083 0.010518835 0.09855172 -0.13231288 
-0.0028921014 -0.004899988 -0.052625116 0.05184849 -0.0023660231 -0.00888427 0.12578323 -0.50642985 -0.065103576 0.26389417 -0.2379849 0.3598936 0.0069040684 -0.114979215 0.10616185 -0.33308178 -0.009069705 0.012747249 -5.20429E-4 0.006778129 0.0026910896 0.11741901 -0.4014193 0.10484827 -0.45157945 0.26742554 -0.3252351 0.18021485 0.43224233 0.04834793 0.2728387 -0.009408933 
-0.014539668 0.0011227977 0.0076856366 -0.0048344294 0.0013276051 -0.007162605 -0.0054428442 -0.007984452 0.001891138 -0.034494866 -0.08904503 0.25778535 -0.0059741847 -0.038981564 -0.012436277 0.110675566 -0.011662234 0.002147225 -0.0059878593 0.04997977 0.05056993 -0.003803501 -0.01763305 -0.3295253 0.20609884 0.16833119 -1.4009329 1.1018387 -0.16798016 0.17881888 -0.08990668 0.0030127645 
0.021283675 -9.897207E-4 0.019769553 -0.043170087 0.004345771 0.023915982 -0.08945315 0.103577845 -0.02671091 -0.008489387 0.16620295 -0.1444291 0.021509238 -0.04213652 0.33632752 -0.16111669 0.017758206 -0.046584807 0.0057789697 0.003118414 -0.07495812 0.17084399 -0.8957111 0.4156432 0.123423174 0.40059778 -0.792373 -0.22090596 -0.005601165 -0.08354306 0.26682913 0.012369389 
-0.006157417 0.0023456125 0.00179278 -0.009475227 -0.0037818004 0.002755031 -0.00620719 2.4431382E-4 0.0044838665 0.0077165575 -0.036573518 0.061161183 0.0017436907 0.017674567 0.012608763 -0.26793274 0.0062235766 -0.0052087987 -0.004359012 0.0087322425 0.011250522 -0.095760316 0.23321065 -0.065529235 0.03419967 0.3508872 -1.2485372 0.31059158 0.060276195 -0.17165627 0.019817684 0.16939093 
4.0824185E-4 0.0038592194 -0.011969579 0.009653492 0.0023913602 -0.013929407 0.013520617 0.014495079 0.022792503 0.0034875213 0.072581604 -0.1377055 -0.013611799 0.018010484 -0.07255817 0.08944614 0.0068789693 -2.545111E-4 0.0065143965 -0.011514065 -0.043990646 0.120051526 -0.03060452 -0.011889478 0.23015457 0.19478628 -1.3584731 0.39920202 -0.1384002 -0.045906458 0.24190079 -0.0468487 
0.004674628 -0.00115468 7.8450947E-4 5.373442E-4 3.8397094E-4 0.0015071438 0.023339888 -0.023574244 0.0054632407 -0.0020938665 0.02919065 -0.12542483 -0.0055877883 -0.0013188856 -0.00510581 0.18926379 -0.0010471332 0.005252095 0.0045769736 0.0093778465 0.054144315 -0.17823502 0.2919892 -0.3237051 -0.19211195 0.7434171 -0.71218485 0.054733455 0.040295422 0.006954264 0.04538865 -0.0039048528 
0.002719513 -1.997453E-4 0.0030759566 -0.0027929135 -0.0012219088 0.00451837 -0.002811752 -0.00149407 7.263086E-4 0.0011642599 0.039491083 -0.07909964 0.0059589273 -8.098208E-4 0.0110130245 -0.006341024 -6.685669E-4 0.0014237995 0.0017537338 0.0033234395 -8.323143E-4 0.02076741 -0.036098693 -0.18082657 0.16620462 -0.52398276 1.0704771 -0.0017746035 -0.057929687 0.04489999 -0.098949835 0.11349364 
-0.0015706443 0.0017903214 -9.523572E-4 0.004669367 -1.747364E-4 -6.151903E-4 -0.008242917 0.008391669 0.0013283046 -0.010110615 0.02701332 0.057391267 -2.771189E-4 0.011157627 0.19981618 -0.6397883 -6.335482E-4 0.007589345 -1.2257953E-4 0.0056521865 0.051778276 -0.09295725 0.024937684 -0.09690446 0.040058535 -0.19943559 0.9308608 -0.0958027 -0.021496404 0.07365798 0.060881753 -0.13230279 
-0.0039599384 0.00177679 0.002894271 -0.003079149 0.0010567558 0.0023385796 0.0090606 1.8479959E-4 0.008937212 0.0033704895 0.010211651 -0.062472764 0.005650083 -0.0063990764 0.05727959 -0.22184163 -0.0053578657 0.0027557253 -0.0015397153 0.001941308 0.026733156 0.026550762 -0.2678862 0.1904604 -0.12059649 0.13557348 -0.9719107 0.13853215 0.033262037 -0.05141019 0.20244285 -0.03363907 
0.003894248 0.0010667675 3.5593956E-4 -0.001875038 -0.0015442186 -7.795182E-4 -0.0056155697 0.005551227 -0.0022081651 4.5661879E-4 0.0044854544 0.012950692 -0.0053345268 0.009422147 -0.049792785 0.013872884 -0.001151038 0.0025258707 0.0042117247 -0.0065776124 0.027986977 -0.11841957 -0.21702157 0.12661698 -0.017815521 1.0159825 -0.44063836 -0.0776389 -0.037862528 -0.06501792 -0.047628902 0.031329762 
-0.0028796934 5.3951564E-5 0.0016377132 -1.105415E-5 -4.5323624E-5 0.001991574 -0.0037033206 0.0032420561 0.0057017473 4.3648406E-4 0.006227021 -0.027616628 -0.0066580777 0.011993207 -0.11166451 0.22149941 -0.0016136422 -0.0010301033 -0.002876961 5.8540155E-4 0.0041716336 -0.010917749 -0.13833833 0.0438007 0.014143034 -0.23979206 1.0278012 -0.0956657 0.01809131 0.0036939727 -0.036831368 -0.014005723 
5.5515254E-4 -2.5329884E-4 8.3184283E-4 -0.0010972242 5.3816906E-4 -8.2744914E-4 7.50328E-4 -6.326121E-4 -0.0018216284 -0.0016933187 -0.006657878 0.006130845 0.0011779271 0.0069281575 0.012853199 -0.06740373 4.0151342E-4 5.0489674E-4 5.5244964E-5 -0.0018907638 -0.010550499 0.03193145 -0.014867445 0.03297214 0.052575044 -0.56601447 0.9271814 -0.056347564 -0.016701587 0.062158015 -0.0701838 0.025565678 
-0.0012975931 -4.7665037E-4 -5.6338124E-4 -6.818034E-4 -1.8751982E-5 -6.8883004E-5 -7.7919627E-4 -0.0011637004 0.00488052 3.9233852E-4 0.014271687 -0.03964654 -0.0012050794 -0.0045289104 0.036627818 -0.029798452 0.001201442 -0.0017351537 -0.0029522998 -0.0059729503 -6.1633455E-4 -0.001937347 -0.103074476 0.24091622 -0.027830875 0.4217367 -0.941522 -0.049918268 0.0073572914 -0.016020242 0.06842358 -0.007964137 
1.3048414E-4 3.1926215E-4 -2.291687E-5 -8.925843E-4 3.7315825E-4 -0.0027115885 0.0026614126 -0.0058818553 -8.5625E-4 -0.0043435153 -0.035248566 0.052114613 -0.0012356342 -0.008811315 0.074596494 -0.06078395 -0.0034308052 0.0036456457 -8.5197965E-4 0.0015408706 0.059824422 -0.15871938 -0.03305219 -0.09458334 -0.13105609 1.0339168 0.040984366 -0.04866614 0.052083757 -0.16957061 -0.012994484 0.02391009 
7.132616E-4 -9.257222E-4 3.4431453E-4 4.596195E-4 -3.332113E-5 3.7826924E-4 2.438755E-4 2.0481301E-4 0.0010813914 -5.76607E-4 -6.075403E-4 -0.0010206505 -2.6868613E-4 0.00382681 0.006801659 -0.023156902 0.0013292304 -7.1402115E-4 6.070156E-4 0.0011781418 -0.010105773 0.025126241 0.0121753765 -0.04882344 0.059357725 -0.5076801 0.8971699 -0.030874312 -0.027833968 0.09584413 -0.0710784 -0.0052609937 
-6.848549E-4 4.03842E-4 -5.365823E-4 -1.7994553E-4 -8.035711E-5 1.5115977E-4 0.0013649162 0.001964386 0.0019065619 0.0018859613 -0.0031484014 -0.009433091 -0.0019998667 -0.0048991707 0.020643666 -0.024007846 0.0019564184 1.8019002E-4 4.0056772E-4 0.001678668 0.01094549 -0.033114642 0.025072373 -0.0019433486 -0.05769996 0.5580421 -0.86164385 0.018507069 0.025410641 -0.097493745 0.071717106 -0.0032259591 
-0.005768722 0.0012496522 -0.0034370644 4.5804717E-4 5.635367E-4 6.1251357E-4 0.0012178764 -0.002221273 0.006289515 0.005486544 0.044610403 -0.118085526 0.003484906 0.0013316338 0.008202631 0.012674858 -0.00805988 -0.0037035614 -4.0457497E-4 -0.030668205 -0.025086757 0.06803148 -0.27766663 0.8388854 0.020082107 -0.04153889 -0.28089678 -0.6897107 -6.058038E-4 0.014894575 0.033544857 -0.0070010186 
-0.0016371083 0.0017127793 -0.002444792 7.5121643E-4 -3.3776148E-4 -1.3557891E-4 0.0022390175 -0.006847697 8.925788E-4 -0.0026870403 -0.002224288 0.0021029084 -0.0024534124 -0.003072454 0.0012384072 0.027854871 -0.0019783378 8.78815E-4 -0.0020126274 -0.001218923 0.017874695 -0.06769612 -0.09924912 0.053710084 -0.046893045 0.95504135 -0.41299585 -0.017226573 0.007943103 -0.0562686 0.011652978 -0.015749423 
8.458974E-4 -0.001228306 9.013587E-4 3.1366714E-4 2.3293977E-4 6.351898E-4 -1.4225382E-4 0.0036501596 6.875483E-4 0.002570041 0.006174759 -0.024275197 0.0013382183 0.002751015 0.012663677 -0.024238052 8.724132E-4 -0.0012921753 0.0018133703 -0.004397064 -0.020176554 0.06176912 0.063422464 0.093250915 0.088032514 -0.90664303 0.5542735 -0.13608378 -0.043351155 0.08258233 -0.044357553 0.0022085495 
-0.0031364635 0.0020954008 -9.6949836E-4 -2.900425E-4 -8.619122E-5 3.6732142E-4 0.002690846 3.6867065E-4 0.0031589787 0.0028284395 0.006451604 -0.049494892 -0.0011226055 -0.005377442 0.017278126 0.0066491147 -0.0035295447 4.121816E-4 0.003189479 -0.008945168 0.015273359 -0.05175573 -0.10167425 0.17977008 -0.0887426 0.8600265 -0.45386696 -0.32707086 0.046508692 -0.07532971 0.031896897 0.003042813 
2.1751918E-4 0.0021257969 -0.0035990376 0.0010237541 -2.563116E-4 -9.698778E-4 0.004371072 -0.003630952 -0.0010198185 -0.0041201413 -0.03129939 0.02784203 -0.0069367555 -0.0126533685 0.03184186 0.18200086 -4.7638205E-6 0.0056513133 -0.009636259 0.012980516 0.022359641 -0.06378716 -0.0118815405 -0.25807357 -0.0788203 0.761163 -0.34117892 0.6787145 0.033576585 -0.06109202 0.0020662 -0.00200493 
0.0016683503 -8.856687E-5 -0.0022024587 0.0046451674 1.5122096E-5 2.732751E-4 3.9243232E-4 -7.723058E-4 -0.0020496477 -0.0024982546 -0.0020470815 0.008419356 -5.688379E-4 0.005723525 0.011126243 0.021416327 5.8802497E-4 4.225257E-4 -0.0025968463 0.0025944677 -0.0041276403 0.00535491 0.034661297 -0.0530455 0.062062934 -0.2891547 0.91687983 0.24360855 -0.041897416 0.12044108 -0.23801547 -0.006644473 
-0.006408644 0.008725316 -0.006059484 0.0039865384 -2.4207843E-4 -9.983903E-4 0.002456367 -0.027100328 1.4802722E-4 0.0058722547 0.03320833 0.0029909802 -0.011503767 -0.010027876 0.048807595 0.062147785 0.001319307 0.005887556 -0.008840372 -7.5771793E-4 0.018031094 -0.120304085 -0.029583847 0.043905873 -0.09601291 1.0432034 0.10371704 -0.082155555 0.04446489 -0.08906749 -0.10502246 0.020876916 
-2.7779047E-4 1.196812E-5 1.3633566E-4 -4.984391E-4 5.77412E-6 -1.7505638E-4 -2.0452944E-4 2.0600727E-4 -1.3796777E-4 -0.0010829032 0.0012141669 -9.66518E-4 8.939135E-5 6.0723E-4 0.003252768 -0.009638825 -1.906227E-4 1.15938215E-4 -5.241438E-4 0.0010755704 -4.804155E-4 -4.7543156E-4 0.004235213 -0.031035071 -0.0020233323 -0.0318048 -0.026585307 1.0018492 -0.0017803678 0.0045660366 -0.012272657 5.9401774E-4 
2.3769743E-4 -2.0895229E-4 2.8027312E-4 1.0365269E-4 -5.829095E-6 1.3860444E-5 -2.752212E-4 3.6424762E-4 -1.4255762E-4 1.4682313E-4 -0.0014967702 0.0028009363 -5.7465317E-5 2.8167223E-4 -0.0023728528 0.0056306194 3.4231774E-4 -2.708059E-4 1.748732E-4 -5.036646E-4 2.2668537E-4 0.0019401537 -0.0019921793 0.020991592 0.0028197272 0.0041228705 0.07369538 -1.0007558 -4.2092428E-4 0.002914686 0.0051421793 0.0017532178 
-2.165397E-4 2.3558715E-4 -3.4164093E-4 -2.2479511E-5 2.3121268E-6 5.8780943E-6 2.7112744E-4 -7.035335E-4 3.3445893E-5 -2.3400033E-5 5.2679126E-4 -0.0011017473 1.9216766E-4 -3.8333563E-4 0.0018818929 -0.0049860985 -4.1172578E-4 2.6478796E-4 -2.059584E-4 4.3430363E-4 0.0010108765 -0.0033954035 0.001124552 -0.018477684 -0.0029989162 0.011496828 -0.0815253 1.0004294 8.069854E-4 -0.005378641 -0.0020118144 -0.0022331476 
-3.2135585E-4 4.8004193E-4 -3.9739936E-4 -2.3265278E-5 -3.08788E-6 -3.0179724E-5 3.3374966E-4 -8.327255E-4 -8.0274694E-5 -7.719844E-5 -6.1494607E-4 -4.957118E-4 3.5605568E-4 -1.3181324E-4 0.0014292452 -0.0046124877 -5.6223985E-4 3.1946876E-4 -2.614669E-4 4.1344337E-4 0.0027672597 -0.0064030965 6.5308687E-4 -0.017856464 -0.0068206512 0.044107325 -0.10566645 0.99719405 0.0028837866 -0.008622598 6.975435E-4 -0.0028446612 
-1.1718573E-4 2.5325568E-4 1.7936867E-4 3.0075913E-5 -1.3084971E-5 -4.317401E-4 -4.7114879E-4 -3.6143264E-4 -4.1950107E-4 -2.4204719E-4 -0.0018623556 0.0076538366 -4.9987825E-4 -1.790241E-4 -0.0030649595 0.006395767 4.4176322E-5 -1.2242378E-4 1.3507968E-4 -4.3043462E-4 0.0015063422 -8.542908E-4 -0.0016890502 0.017475491 -0.004495652 0.020428726 0.10664921 -0.9969075 0.0024904031 8.607298E-4 -0.0017311812 0.0033134967 
-0.0029866192 0.002068709 -9.057228E-4 6.439605E-5 -8.812214E-5 -0.0022691549 4.3267992E-4 -0.0060344893 -0.001015777 -0.0012836973 -0.030679151 0.03070574 -0.004437885 -0.0063064042 0.01963212 0.006289641 -0.0023046194 0.0024337545 -0.0019803334 8.213414E-4 0.045907937 -0.09260496 -0.030400757 -0.003193006 -0.090228215 0.9237463 -0.3290411 0.12817797 0.033311043 -0.1100742 0.029596528 0.001967476 
-3.1374945E-4 2.271161E-4 -8.856899E-5 -3.2127823E-4 3.0541964E-6 5.3471857E-5 6.9110695E-4 -5.428289E-4 9.6569725E-5 9.882646E-4 0.0014659077 -0.0050080223 -1.1731485E-5 -8.083775E-4 0.006284799 -0.005695508 -1.734918E-4 3.989947E-4 -2.8667005E-4 8.561217E-4 0.004164089 -0.010432183 0.0022800236 -0.026050704 -0.011170044 0.101496726 -0.2913764 0.9516663 0.004412276 -0.025550757 0.030084223 -0.0048644734 
-2.3218448E-4 2.108904E-4 5.8067853E-5 -4.484426E-4 3.8153266E-6 1.1676202E-4 4.3061125E-4 -3.352362E-4 1.6566075E-4 0.0012545845 0.0032633983 -0.005967097 8.358239E-5 -8.909906E-4 0.0037787375 -0.0055315588 -3.117386E-5 3.1734773E-4 -2.548237E-4 8.2370284E-4 0.0031318276 -0.008013123 0.002932747 -0.025278779 -0.010851058 0.09239253 -0.34214538 0.9349921 0.0045496123 -0.029817052 0.03929922 -0.005457307 
0.002689196 -0.0020918043 0.0027846044 -0.0023937698 1.6590365E-4 0.0036437365 -9.5148984E-4 0.012966788 0.0012568809 4.5779112E-4 0.020654239 -0.04944531 0.011546606 0.004647621 -0.031862106 -0.0053225514 -2.969297E-4 -0.0023132404 0.0019744022 -4.3792097E-4 -0.026455995 0.060535625 0.020483343 -0.0036420922 0.09299492 -0.7889667 -0.5049716 0.34183744 -0.032458223 0.06581324 0.0989209 -0.013714665 
-3.7995421E-6 2.1539083E-5 -1.726744E-4 4.4369593E-4 -7.99996E-6 -2.1034192E-4 1.0103879E-4 -8.160101E-4 5.1226217E-4 -0.0013392923 -2.6724127E-4 0.0042384416 -0.0010509345 -1.4807662E-4 -0.004404896 0.0067028566 1.21330166E-4 -1.5652679E-4 8.842526E-4 -0.002465038 -6.909598E-5 4.550946E-4 -0.004657434 0.04314166 -5.993815E-4 0.0034179012 0.33672202 -0.9444498 -4.787877E-4 0.01374188 -0.030535351 0.0047994955 
7.9845026E-4 -8.010381E-4 5.1534036E-5 4.201245E-4 2.769856E-5 4.7577976E-4 9.126237E-4 3.516304E-4 0.0017161655 -6.765782E-4 0.013257213 -0.004541761 -0.0010936161 4.2387383E-4 -0.004353235 0.0029642347 0.0017854966 -6.4908195E-4 0.0011733902 -0.0025492813 -0.010603008 0.017841237 2.565965E-4 0.041996967 0.031227475 -0.2014521 0.39047125 -0.9013371 -0.013945659 0.0362999 -0.034232542 0.0041446285 
1.98849E-4 -3.1358213E-4 -2.7207023E-4 5.2935584E-4 6.8860663E-6 -6.637405E-5 -2.5325382E-4 4.0263785E-5 5.514573E-4 -0.0017831378 0.0026268663 0.00416592 -8.077076E-4 5.9897284E-4 -0.0041303295 0.008188344 1.4964593E-4 -3.8096082E-4 8.3953113E-4 -0.0022180956 -0.0019730292 0.00946176 -0.0075130737 0.040977135 0.009057161 -0.07928642 0.36649847 -0.9310721 -0.003758073 0.023122951 -0.033059925 0.0043802373 
-0.0027862336 0.0030582582 -0.0011943809 9.31476E-4 -1.7470906E-4 -0.0030042925 4.4446104E-4 -0.011618893 -0.005159228 0.0058900793 -7.537576E-5 0.017783755 -0.0041961055 -0.0024849777 0.010071823 0.005191612 -3.1912304E-4 0.0022579276 -7.0799416E-4 -6.795339E-4 0.019940648 -0.07408338 -0.046834696 0.011192312 -0.14189067 0.9668861 0.18762977 -0.17058583 0.05199543 -0.09884592 -0.034816403 0.008095565 
-3.3213213E-4 5.2831925E-5 -3.9385236E-4 6.0625555E-4 -1.2711638E-5 -3.4334973E-4 -4.1995946E-4 -0.0013998476 -4.3822627E-4 -0.0013382145 -2.3239774E-4 0.010428599 -0.0011090004 1.6718845E-4 -0.005175778 0.008484181 1.5354315E-4 -5.5228298E-5 0.0012940384 -0.002833936 6.728285E-4 -0.001443497 -0.008902293 0.04934358 -0.009201579 0.045340102 0.38767147 -0.9270186 0.0031434873 0.009307955 -0.03306641 0.0046122684 
0.0037753638 -0.0026427505 0.0011484543 -4.5675898E-4 1.0244084E-4 0.0013662408 4.6533608E-4 0.008853082 0.003017203 -0.0019058181 0.013839046 -0.019490013 0.003316412 0.012243678 -0.0068367226 -0.0063411137 0.0015650869 -0.0028530331 8.045851E-4 -5.624923E-4 -0.03494092 0.11552356 0.01211156 0.005269434 0.112183996 -0.9929308 0.09679617 0.0019271612 -0.041443408 0.087916814 -0.001450496 -0.0044572484 
7.056546E-5 -3.417923E-4 -6.585214E-4 9.608043E-4 2.3957298E-6 2.8823613E-6 -8.3346205E-4 4.1618306E-4 -1.832585E-4 -0.002010049 -0.0033260672 0.008904815 -3.507497E-4 0.001033552 -0.009141165 0.008081061 4.0901956E-5 -3.6453718E-4 -2.7633927E-4 -0.0010431091 -0.0027242843 0.012670666 -0.009104403 0.04773779 0.009301397 -0.084863365 0.3838665 -0.9206991 -0.0035709832 0.020677105 -0.02814262 0.0017211465 
-5.6635836E-5 -2.9932713E-4 -4.131544E-4 8.96997E-4 -2.6168942E-7 -1.3622125E-4 -5.9874495E-4 3.0433464E-5 -2.3274928E-4 -0.001531994 -0.0035236662 0.009396233 -5.7757366E-4 6.4257794E-4 -0.00823648 0.008165223 9.495973E-5 -2.934389E-4 -3.2284908E-4 -0.0010293815 -0.0020112838 0.009827274 -0.009548449 0.047342915 0.00567781 -0.055434372 0.38909814 -0.9218177 -0.0021980307 0.01818873 -0.029152526 0.0021150366 
4.9373317E-5 2.9188432E-4 4.7238288E-4 -9.3414256E-4 8.5501483E-7 1.5701969E-4 5.358856E-4 1.0706533E-4 2.1464056E-4 0.001216294 0.003067898 -0.009155302 6.5482955E-4 -5.407466E-4 0.007896393 -0.008086616 -1.2488665E-4 2.7959282E-4 3.2412764E-4 0.0010342039 0.0018990433 -0.009324647 0.009596413 -0.04707676 -0.005124084 0.04971755 -0.39345506 0.9204638 0.002071622 -0.017898943 0.029734906 -0.0021943303 
-0.0046540317 0.002786888 -0.0016540973 8.256005E-4 -9.412175E-5 -0.0015293963 -0.0016840986 -0.0118774595 -0.0022473268 0.01316091 0.0052495585 0.005196208 -0.0051078247 -0.012265423 0.014320705 0.0019148915 -6.015571E-4 0.0027578257 -0.0012469281 4.5279294E-4 0.029798422 -0.098722145 -0.017696047 0.0020111 -0.14420581 0.9967898 -0.046654336 -0.06972681 0.060775112 -0.11123555 -0.0029218723 0.007210898 
-5.170478E-4 -1.5659163E-4 -0.0010907411 0.0017430942 -5.2777964E-6 -2.9152795E-4 -9.878254E-4 -6.949869E-4 -8.873174E-4 -0.0016389731 -0.0083062565 0.015757538 -6.5087934E-4 5.758384E-4 -0.0055862255 0.0102566825 -2.8258914E-4 -8.4766485E-5 -0.0015072563 -8.3140406E-4 3.86529E-4 0.0023112104 -0.011218491 0.049410872 0.0014833201 -0.014935269 0.50810295 -0.8760883 -1.8121407E-4 0.016443273 -0.034652818 0.0015301371 
-0.005576317 0.002645496 0.005414308 -0.0029376037 -5.8434667E-5 -0.001957588 -0.0021721192 -0.008170706 -0.002796312 0.001959633 -0.009680447 0.014199933 -0.0024287 -0.00489656 0.009749304 0.0038232678 -0.0022558153 0.002637283 -0.0016298161 8.5811946E-4 0.040537216 -0.0819405 -0.018678736 -0.0022805252 -0.2670781 0.94204617 -0.24532516 0.05024464 0.08303061 -0.09919916 0.012103022 0.008605986 
1.4826668E-4 4.331165E-4 -1.21703946E-4 -0.0013165296 -3.6266733E-6 -7.399335E-5 5.1037344E-4 4.4427186E-4 3.4430914E-4 0.0013979059 0.0045707338 -0.009704016 4.2982338E-4 -4.4424096E-4 0.0049099782 -0.007653611 -3.1914504E-5 2.6984554E-4 0.0012717551 8.04239E-4 0.0027787213 -0.007827384 0.008036193 -0.04503979 -0.017656889 0.07140073 -0.45082614 0.9003676 0.0048513007 -0.018766908 0.03618383 -0.001781072 
-1.270463E-4 -4.2034156E-4 2.6806796E-5 0.0013449421 3.6032852E-6 2.1697208E-5 -4.633714E-4 -6.334653E-4 -3.2738256E-4 -0.0012800377 -0.004351188 0.009618029 -4.6625538E-4 4.0066554E-4 -0.0049647293 0.00765182 4.7932383E-5 -2.6188925E-4 -0.0012090383 -8.459116E-4 -0.0026875662 0.007537747 -0.008230321 0.04517528 0.017305814 -0.066672646 0.44673243 -0.9033058 -0.004826307 0.018258419 -0.03585676 0.0018002143 
-1.1548534E-4 -4.1616344E-4 -1.2540893E-5 0.0013624988 3.6772647E-6 1.4879206E-6 -4.080547E-4 -7.524296E-4 -3.25045E-4 -0.0012332568 -0.00429671 0.0096247755 -4.8139636E-4 4.0751614E-4 -0.0049446616 0.0076363473 4.624797E-5 -2.5788808E-4 -0.0011909017 -8.565766E-4 -0.0026355288 0.0073843226 -0.008269964 0.0451406 0.017409192 -0.06502657 0.44614223 -0.9038838 -0.0048812455 0.018106334 -0.035899818 0.0018145991 
-1.0983102E-4 -4.154521E-4 -2.7263923E-5 0.0013693965 3.8006244E-6 -5.993354E-6 -3.738876E-4 -8.1155443E-4 -3.2306946E-4 -0.0012094881 -0.0042692176 0.009617955 -4.8810837E-4 4.0766865E-4 -0.004930606 0.0076258746 4.750034E-5 -2.5703013E-4 -0.0011840097 -8.607014E-4 -0.0026235757 0.007339519 -0.008270994 0.045117483 0.017513586 -0.064490385 0.44585568 -0.90412366 -0.0049163713 0.018047981 -0.035919867 0.0018210784 
1.0848318E-4 4.1480258E-4 3.3170836E-5 -0.001372475 -3.847035E-6 9.763397E-6 3.5702498E-4 8.4561436E-4 3.2281186E-4 0.0011982892 0.00426058 -0.009623297 4.922066E-4 -4.064348E-4 0.004923939 -0.0076228636 -4.856476E-5 2.5628475E-4 0.0011811387 8.627859E-4 0.0026134502 -0.0073097833 0.008277081 -0.04511561 -0.01750098 0.06407646 -0.44570994 0.90444434 0.004912796 -0.018001644 0.035929613 -0.0018261493 
-1.0487256E-4 -4.1611408E-4 -3.575763E-5 0.0013737049 3.923377E-6 -1.0379311E-5 -3.4757744E-4 -8.506495E-4 -3.2046705E-4 -0.0011935409 -0.0042487383 0.009608445 -4.930656E-4 4.0772563E-4 -0.0049231136 0.007617784 5.028394E-5 -2.5741124E-4 -0.0011792096 -8.638122E-4 -0.0026280738 0.007335797 -0.008265603 0.045106057 0.017651014 -0.06440586 0.44568527 -0.9044508 -0.0049569895 0.018027255 -0.035933357 0.0018244726 
-1.04237515E-4 -4.1612916E-4 -3.684751E-5 0.0013739588 3.943171E-6 -1.1020291E-5 -3.4335713E-4 -8.572144E-4 -3.2003276E-4 -0.0011903157 -0.0042476016 0.009606839 -4.940824E-4 4.0654116E-4 -0.004921237 0.007615702 5.087011E-5 -2.5740016E-4 -0.0011781682 -8.641778E-4 -0.0026278873 0.00733339 -0.008263259 0.045096748 0.017663727 -0.06436253 0.44554263 -0.9043497 -0.004960264 0.018017014 -0.03592573 0.0018248938 
-1.0394861E-4 -4.1618003E-4 -3.7366826E-5 0.0013741651 3.9531096E-6 -1.1362033E-5 -3.4131057E-4 -8.607097E-4 -3.198343E-4 -0.00118873 -0.004247349 0.009606864 -4.9464626E-4 4.0577585E-4 -0.0049204826 0.0076154177 5.1206476E-5 -2.5741087E-4 -0.0011778831 -8.64383E-4 -0.0026279986 0.007332647 -0.008262867 0.045096084 0.017670063 -0.064340524 0.44550005 -0.904377 -0.0049617323 0.018012496 -0.03592397 0.0018252832 
1.03810016E-4 4.162033E-4 3.7616388E-5 -0.0013742642 -3.957942E-6 1.1525577E-5 3.403321E-4 8.6251035E-4 3.1974507E-4 0.0011879313 0.004247255 -0.009606978 4.949279E-4 -4.05378E-4 0.004920119 -0.0076152952 -5.137088E-5 2.5741418E-4 0.0011777394 8.644871E-4 0.002628006 -0.0073321997 0.008262698 -0.04509578 -0.017672982 0.06432859 -0.44547826 0.904391 0.0049623796 -0.01801012 0.035923045 -0.0018254864 
-1.03295744E-4 -4.1662954E-4 -3.771261E-5 0.0013745368 3.9721317E-6 -1.127741E-5 -3.3992168E-4 -8.614249E-4 -3.192145E-4 -0.0011875198 -0.0042469795 0.009606542 -4.9549394E-4 4.043009E-4 -0.0049206754 0.0076157 5.203907E-5 -2.577334E-4 -0.001177589 -8.6471485E-4 -0.0026326037 0.0073414273 -0.008260887 0.045101475 0.017706057 -0.06443527 0.44555724 -0.9045279 -0.0049719033 0.018020343 -0.0359292 0.0018252874 
1.0339654E-4 4.1750714E-4 3.7856942E-5 -0.0013771985 -3.983952E-6 1.1253701E-5 3.4051322E-4 8.630415E-4 3.1962592E-4 0.0011890867 0.004254597 -0.009624416 4.967897E-4 -4.045163E-4 0.0049294876 -0.0076297717 -5.2452917E-5 2.5828247E-4 0.0011797291 8.6637447E-4 0.0026386501 -0.0073572416 0.008275618 -0.045186233 -0.01774606 0.06457696 -0.44640315 0.90624034 0.004982999 -0.018055255 0.035997715 -0.001828744 
1.03349324E-4 4.1755062E-4 3.789712E-5 -0.0013772285 -3.9861225E-6 1.1235082E-5 3.4048606E-4 8.630348E-4 3.1952953E-4 0.0011887461 0.00425439 -0.009624267 4.969675E-4 -4.0423486E-4 0.004929231 -0.007629597 -5.260798E-5 2.5831282E-4 0.0011796859 8.663837E-4 0.0026391768 -0.0073581827 0.008275152 -0.045185875 -0.017749354 0.06458677 -0.44640395 0.9062395 0.004983834 -0.018055657 0.035997923 -0.0018287378 
-1.0311378E-4 -4.1679008E-4 -3.785712E-5 0.0013746462 3.9798724E-6 -1.1195505E-5 -3.3981932E-4 -8.613546E-4 -3.1886768E-4 -0.0011863402 -0.004246224 0.009605902 -4.9611315E-4 4.033801E-4 -0.004919809 0.0076150624 5.2598512E-5 -2.5784748E-4 -0.0011774324 -8.6474913E-4 -0.0026345446 0.007344923 -0.00825918 0.04510018 0.017718453 -0.0644721 0.44556135 -0.9045247 -0.0049750926 0.018021984 -0.035930045 0.0018252543 
-1.03093735E-4 -4.168046E-4 -3.7873146E-5 0.0013746573 3.9805172E-6 -1.1186446E-5 -3.3980762E-4 -8.61331E-4 -3.1883904E-4 -0.001186261 -0.004246164 0.009605821 -4.961556E-4 4.0333168E-4 -0.0049197576 0.00761501 5.2643467E-5 -2.5785906E-4 -0.0011774211 -8.64751E-4 -0.002634724 0.00734525 -0.008259018 0.045100052 0.01771979 -0.064475834 0.44556215 -0.90452415 -0.004975434 0.018022222 -0.03593014 0.0018252413 
-1.0327901E-4 -4.176015E-4 -3.7952974E-5 0.0013772672 3.988381E-6 -1.1203127E-5 -3.4044546E-4 -8.629511E-4 -3.1942877E-4 -0.0011884684 -0.0042541786 0.009623979 -4.971167E-4 4.040707E-4 -0.004929052 0.00762941 5.2765703E-5 -2.583534E-4 -0.001179646 -8.663902E-4 -0.002639805 0.007359329 -0.008274583 0.04518543 0.017754031 -0.06459985 0.44640663 -0.9062375 -0.0049850307 0.018056484 -0.03599826 0.0018286926 
-1.0327399E-4 -4.176051E-4 -3.7957023E-5 0.00137727 3.988542E-6 -1.1200877E-5 -3.404425E-4 -8.629453E-4 -3.194216E-4 -0.0011884485 -0.0042541637 0.00962396 -4.971273E-4 4.0405794E-4 -0.0049290396 0.007629397 5.277695E-5 -2.5835627E-4 -0.0011796432 -8.6639065E-4 -0.00263985 0.0073594106 -0.008274542 0.045185402 0.017754367 -0.06460078 0.44640684 -0.9062373 -0.0049851164 0.018056544 -0.03599828 0.0018286892 
-1.0307621E-4 -4.168173E-4 -3.7887276E-5 0.001374667 3.981081E-6 -1.1178577E-5 -3.3979726E-4 -8.613107E-4 -3.1881407E-4 -0.0011861913 -0.0042461124 0.009605751 -4.961926E-4 4.032875E-4 -0.004919713 0.007614964 5.268277E-5 -2.5786922E-4 -0.0011774113 -8.647526E-4 -0.0026348808 0.007345536 -0.008258876 0.045099944 0.017720962 -0.0644791 0.44556284 -0.9045237 -0.004975733 0.01802243 -0.035930224 0.0018252297 
-1.03074955E-4 -4.168182E-4 -3.7888287E-5 0.0013746677 3.9811216E-6 -1.1178016E-5 -3.397965E-4 -8.6130924E-4 -3.188123E-4 -0.0011861863 -0.0042461087 0.009605747 -4.961952E-4 4.032843E-4 -0.0049197096 0.007614961 5.2685577E-5 -2.5786995E-4 -0.0011774106 -8.6475274E-4 -0.002634892 0.0073455563 -0.008258866 0.045099936 0.017721046 -0.06447933 0.4455629 -0.9045236 -0.004975754 0.018022444 -0.03593023 0.0018252289 
-1.0307433E-4 -4.1681863E-4 -3.7888796E-5 0.0013746681 3.9811416E-6 -1.1177737E-5 -3.3979613E-4 -8.613085E-4 -3.1881142E-4 -0.0011861839 -0.004246107 0.009605744 -4.9619656E-4 4.0328267E-4 -0.004919708 0.007614959 5.268698E-5 -2.578703E-4 -0.0011774102 -8.647528E-4 -0.0026348976 0.0073455665 -0.008258861 0.045099933 0.017721089 -0.06447945 0.4455629 -0.9045236 -0.0049757645 0.018022452 -0.035930235 0.0018252284 
-1.0307402E-4 -4.1681886E-4 -3.7889047E-5 0.0013746683 3.9811516E-6 -1.1177597E-5 -3.3979595E-4 -8.6130813E-4 -3.1881095E-4 -0.0011861826 -0.004246106 0.009605743 -4.961972E-4 4.0328188E-4 -0.0049197073 0.0076149586 5.2687683E-5 -2.5787047E-4 -0.00117741 -8.647528E-4 -0.0026349004 0.0073455716 -0.008258859 0.045099933 0.01772111 -0.06447951 0.44556293 -0.9045236 -0.00497577 0.018022455 -0.035930235 0.0018252283 
-1.0307386E-4 -4.1681898E-4 -3.7889175E-5 0.0013746684 3.9811566E-6 -1.1177527E-5 -3.3979586E-4 -8.6130796E-4 -3.1881075E-4 -0.001186182 -0.0042461054 0.009605742 -4.9619755E-4 4.0328148E-4 -0.004919707 0.007614958 5.2688032E-5 -2.5787056E-4 -0.0011774099 -8.6475286E-4 -0.0026349018 0.007345574 -0.008258857 0.04509993 0.01772112 -0.06447954 0.44556293 -0.9045236 -0.0049757725 0.018022457 -0.03593024 0.0018252282 
-1.0307378E-4 -4.1681904E-4 -3.788924E-5 0.0013746684 3.9811594E-6 -1.11774925E-5 -3.397958E-4 -8.613079E-4 -3.1881063E-4 -0.0011861817 -0.0042461054 0.009605742 -4.9619767E-4 4.0328127E-4 -0.0049197064 0.0076149576 5.268821E-5 -2.5787062E-4 -0.0011774099 -8.6475286E-4 -0.0026349025 0.0073455754 -0.008258857 0.04509993 0.017721126 -0.06447955 0.44556293 -0.9045236 -0.004975774 0.018022459 -0.03593024 0.0018252281 
-1.0307374E-4 -4.1681906E-4 -3.788927E-5 0.0013746684 3.9811607E-6 -1.1177474E-5 -3.3979578E-4 -8.6130784E-4 -3.1881058E-4 -0.0011861816 -0.004246105 0.009605742 -4.961978E-4 4.0328116E-4 -0.0049197064 0.0076149576 5.2688298E-5 -2.5787065E-4 -0.0011774099 -8.6475286E-4 -0.0026349027 0.007345576 -0.008258856 0.04509993 0.017721128 -0.06447956 0.44556293 -0.9045236 -0.004975775 0.018022459 -0.03593024 0.0018252281 
-1.0307372E-4 -4.1681906E-4 -3.7889287E-5 0.0013746684 3.981161E-6 -1.1177466E-5 -3.3979578E-4 -8.6130784E-4 -3.1881055E-4 -0.0011861814 -0.004246105 0.009605742 -4.9619784E-4 4.0328113E-4 -0.0049197064 0.0076149576 5.268834E-5 -2.5787065E-4 -0.0011774099 -8.6475286E-4 -0.002634903 0.0073455763 -0.008258856 0.04509993 0.01772113 -0.06447956 0.44556293 -0.9045236 -0.004975775 0.018022459 -0.03593024 0.0018252281 
-1.0307371E-4 -4.168191E-4 -3.7889295E-5 0.0013746684 3.9811616E-6 -1.1177462E-5 -3.3979578E-4 -8.613078E-4 -3.1881052E-4 -0.0011861814 -0.004246105 0.009605742 -4.9619784E-4 4.032811E-4 -0.0049197064 0.0076149576 5.2688363E-5 -2.5787065E-4 -0.0011774099 -8.6475286E-4 -0.002634903 0.0073455763 -0.008258856 0.04509993 0.01772113 -0.06447956 0.44556293 -0.9045236 -0.0049757753 0.018022459 -0.03593024 0.0018252281 
